0 55 2
0 80 2
0 54 6
0 90 5
0 50 14
0 84 36
0 40 30
1 50 32
1 54 14
1 43 17
1 25 14
1 98 17
1 96 8
1 7 6
1 67 34
1 61 4
1 12 12
1 59 20
1 44 17
1 12 25
1 18 33
2 9 15
2 68 6
2 32 39
2 54 24
2 46 33
2 61 31
2 66 39
2 28 27
2 83 32
2 94 8
3 70 7
3 25 16
3 25 24
3 88 17
3 20 10
3 96 20
3 96 29
4 86 16
4 7 15
4 5 1
4 26 29
4 36 5
4 89 17
4 45 35
4 84 6
4 97 3
4 2 27
4 61 3
5 71 39
5 26 3
5 51 11
5 57 23
5 23 2
5 62 8
5 3 39
5 15 32
5 79 7
5 43 26
5 99 17
5 79 24
6 56 3
6 78 33
6 94 36
6 61 19
6 84 26
6 43 13
6 10 28
6 52 4
6 83 22
6 85 1
6 88 37
7 72 30
7 1 13
7 47 35
7 73 35
7 8 14
7 81 9
7 43 15
7 15 7
7 65 17
7 31 5
7 28 31
7 94 4
8 1 20
8 19 26
8 93 32
8 21 17
8 63 5
8 9 24
8 9 35
8 37 12
8 37 16
8 41 37
8 63 33
8 95 12
8 0 19
8 22 33
9 83 4
9 18 6
9 22 3
9 97 38
9 29 26
9 33 19
9 84 19
9 95 15
9 40 24
10 11 38
10 27 31
10 8 12
10 30 20
10 62 24
10 76 1
10 55 14
10 25 39
11 66 37
11 24 4
11 53 33
11 4 4
11 81 2
11 9 10
11 23 22
11 1 15
11 44 14
11 56 10
11 18 32
11 20 37
11 99 9
11 2 10
12 82 11
12 48 12
12 71 19
12 98 7
12 62 28
12 4 17
12 57 15
12 91 38
12 46 8
12 97 32
12 86 14
13 85 28
13 88 38
13 26 4
13 1 10
13 18 29
13 47 24
13 4 25
13 31 25
13 44 20
14 22 30
14 90 32
14 88 1
14 88 16
14 50 18
14 92 34
14 33 35
15 75 9
15 66 1
15 83 11
15 81 36
15 13 25
15 98 4
15 34 5
15 80 11
15 97 17
15 57 3
15 69 38
15 61 27
16 19 29
16 28 18
16 60 31
16 13 9
16 57 20
16 49 29
16 71 39
16 43 5
16 60 25
16 79 8
16 98 16
16 39 17
16 13 3
16 32 23
16 99 28
17 44 39
17 21 28
17 87 20
17 19 39
17 96 15
17 82 6
17 57 23
17 1 15
17 71 9
17 52 34
17 76 11
17 84 23
17 23 32
18 55 24
18 36 34
18 57 23
18 45 31
18 71 13
18 38 31
18 3 32
18 31 38
18 79 28
18 71 27
18 87 14
19 86 18
19 24 6
19 11 36
19 16 32
19 20 10
19 13 23
19 64 23
19 15 27
19 83 10
19 14 10
19 83 16
19 96 39
19 95 6
20 12 19
20 65 22
20 17 31
20 86 28
20 8 37
20 15 1
20 73 9
20 65 4
21 53 16
21 92 19
21 6 28
21 54 25
21 1 7
21 6 10
21 77 27
21 92 27
22 50 13
22 29 4
22 86 11
22 18 10
22 41 37
22 72 6
22 15 18
22 38 6
23 62 15
23 42 3
23 41 28
23 11 29
23 88 22
23 58 22
23 93 23
23 44 18
23 93 22
23 34 12
23 87 12
23 16 16
24 7 38
24 1 32
24 23 10
24 54 29
24 18 33
24 60 2
25 82 37
25 77 21
25 34 15
25 38 21
25 4 19
25 71 23
25 73 35
25 48 2
25 23 21
26 63 33
26 72 20
26 92 10
26 9 18
26 29 17
26 33 12
26 98 4
26 62 34
26 32 17
26 14 37
27 6 1
27 6 33
27 54 32
27 75 37
27 53 8
28 3 6
28 67 35
28 32 27
28 86 17
28 46 17
28 14 31
28 15 6
28 63 24
28 17 37
29 44 4
29 54 5
29 90 14
29 0 30
29 22 29
29 60 34
29 61 21
29 83 30
29 7 6
30 26 17
30 48 35
30 60 24
30 75 31
30 4 15
30 3 14
30 90 36
31 97 36
31 8 14
31 30 12
31 44 9
31 99 5
31 47 7
31 21 34
31 48 4
31 29 14
31 33 17
31 42 18
31 42 23
32 26 4
32 45 18
32 15 37
32 54 34
32 93 4
32 95 9
32 93 33
32 38 12
33 8 10
33 79 27
33 91 6
33 91 9
33 70 37
33 72 19
33 46 15
33 23 14
33 88 9
33 32 20
33 17 32
34 47 25
34 35 11
34 20 19
34 69 17
34 51 23
34 91 3
34 96 7
34 11 23
34 43 4
34 4 17
34 2 27
34 39 5
34 16 2
35 95 25
35 69 29
35 15 28
35 91 6
35 38 5
35 43 5
35 19 13
35 23 21
35 76 39
35 16 3
35 82 31
35 8 35
36 40 24
36 21 5
36 88 2
36 71 23
36 61 29
36 93 37
36 11 22
36 52 3
36 25 32
36 5 25
37 69 7
37 55 13
37 65 31
37 1 2
37 10 35
37 93 2
37 76 23
37 98 30
38 93 17
38 81 1
38 25 3
38 77 21
38 47 25
38 66 33
38 90 9
38 96 29
38 5 31
38 87 14
39 59 1
39 79 6
39 8 7
39 34 38
39 11 22
39 53 27
39 18 31
39 56 6
39 63 20
39 87 16
39 31 16
40 88 19
40 92 9
40 4 39
40 12 6
40 64 33
40 59 32
40 86 34
40 56 23
40 24 37
41 97 29
41 76 27
41 67 13
41 85 19
41 67 11
41 89 26
42 52 29
42 95 21
42 5 37
42 46 7
42 57 32
42 50 3
42 74 7
42 3 24
42 88 35
43 35 20
43 19 37
43 90 18
43 11 37
43 46 27
43 29 28
43 54 7
43 12 18
43 29 30
43 68 29
43 51 17
43 8 8
43 16 10
44 88 8
44 68 29
44 55 28
44 13 17
44 0 38
44 20 31
44 68 22
44 88 39
44 1 37
44 19 26
44 39 33
44 63 27
44 68 29
44 4 35
44 60 21
44 17 35
44 17 33
45 76 35
45 68 39
45 46 27
45 96 2
45 54 20
45 13 19
45 6 23
45 89 19
46 96 16
46 28 39
46 62 4
46 49 22
46 97 12
46 51 15
46 31 37
46 52 21
46 62 34
46 88 18
46 62 5
47 91 19
47 85 24
47 53 37
47 85 21
47 66 6
47 77 1
47 44 30
47 69 37
47 67 34
47 11 36
47 59 6
48 4 35
48 30 20
48 23 8
48 52 28
48 44 3
48 63 18
48 60 19
48 33 34
48 79 37
48 53 35
49 16 35
49 10 34
49 67 7
49 47 38
49 72 22
49 50 37
49 69 11
49 14 14
49 40 23
49 36 33
50 71 30
50 64 6
50 85 3
50 53 39
50 14 10
50 80 38
50 36 34
50 57 4
50 59 2
50 29 16
50 92 22
50 70 7
50 37 7
50 21 17
50 76 25
51 83 36
51 98 15
51 90 1
51 73 27
51 58 1
51 91 18
51 7 30
51 33 20
52 82 15
52 18 5
52 44 4
52 8 17
52 11 28
52 11 20
52 19 18
52 46 39
52 86 6
52 97 16
52 8 19
52 20 24
52 41 16
53 87 34
53 98 20
53 70 29
53 72 30
53 55 3
53 60 12
53 40 28
53 20 14
53 80 30
53 49 39
53 35 37
54 4 33
54 24 16
54 77 35
54 16 16
54 4 7
54 7 11
54 16 16
54 96 4
54 19 14
54 58 3
54 16 26
54 93 29
54 16 35
54 90 8
55 40 24
55 49 10
55 97 33
55 80 3
55 49 34
55 68 3
55 12 14
56 34 24
56 34 34
56 84 21
56 68 6
56 35 26
56 78 15
56 59 26
56 76 3
56 32 16
56 76 11
57 3 15
57 74 11
57 62 38
57 85 10
57 60 19
57 6 26
57 95 20
57 61 16
57 71 38
57 46 27
57 28 23
57 98 34
58 25 23
58 61 27
58 42 9
58 95 6
58 57 35
58 37 23
59 52 9
59 85 30
59 5 39
59 61 18
59 88 2
59 24 30
59 18 21
59 48 13
59 52 38
59 43 37
59 45 23
59 19 33
59 89 7
59 91 36
59 78 13
59 81 34
59 94 2
60 65 13
60 23 29
60 68 31
60 10 12
60 28 25
60 1 34
60 5 15
60 70 27
60 79 3
60 47 6
60 70 33
60 83 19
60 63 34
61 35 18
61 88 16
61 89 31
61 66 12
61 75 5
61 36 36
61 65 20
61 72 22
61 49 39
61 59 3
61 90 6
61 75 8
61 67 37
61 38 34
62 68 11
62 9 20
62 50 37
62 90 25
62 80 36
62 11 5
62 68 38
62 20 36
62 80 20
62 42 22
62 56 31
62 40 13
62 21 27
63 17 14
63 71 24
63 26 7
63 29 19
63 9 14
63 53 3
63 37 17
63 10 10
63 67 7
63 88 22
63 16 31
63 8 33
63 87 29
63 75 29
64 63 20
64 62 5
64 54 37
65 6 7
65 77 34
65 44 32
65 34 5
65 34 29
65 6 30
65 28 12
65 59 25
65 96 25
66 68 2
66 27 17
66 90 30
66 92 3
66 44 4
66 35 36
66 43 27
66 56 33
66 65 9
66 41 36
66 91 17
66 77 20
67 83 33
67 25 5
67 16 29
67 30 35
67 21 4
67 46 36
67 59 27
67 60 39
67 2 11
67 83 10
67 73 27
67 5 18
67 58 30
68 31 6
68 94 5
68 40 33
68 11 28
68 43 28
68 67 1
68 11 27
68 38 22
68 56 10
68 83 39
68 58 24
68 31 28
68 39 1
68 70 31
69 60 11
69 76 15
69 31 11
69 45 35
69 48 39
70 52 28
70 91 32
70 99 39
70 55 2
70 50 27
70 59 3
70 50 26
70 11 34
71 45 22
71 25 35
71 6 14
71 96 3
71 93 12
71 8 38
71 89 15
71 36 19
71 23 18
71 55 3
71 96 4
71 96 18
71 30 31
71 7 21
72 16 35
72 90 12
72 13 7
72 39 6
72 41 4
72 94 3
72 48 1
72 80 12
72 82 24
73 61 13
73 33 10
73 8 22
73 72 30
73 99 16
73 1 5
73 77 13
74 95 15
74 6 33
74 66 38
74 64 19
75 0 21
75 73 33
75 12 26
75 49 13
75 48 32
75 48 22
75 43 23
75 74 32
75 34 4
75 33 10
76 2 35
76 34 32
76 5 18
76 86 3
76 63 15
76 90 22
76 50 37
76 39 3
76 71 25
76 78 21
76 45 14
76 91 38
76 34 24
77 67 19
77 66 36
77 14 4
77 16 19
77 31 5
77 26 25
77 71 7
77 0 34
77 42 29
77 90 34
77 48 1
77 47 11
78 51 35
78 54 2
78 84 8
78 81 14
78 27 3
78 18 20
79 63 32
79 31 15
79 62 1
79 83 26
79 37 2
79 3 37
79 85 15
79 78 10
79 17 33
80 86 19
80 28 28
80 53 3
80 33 15
80 22 5
80 50 15
80 86 37
80 97 5
80 79 20
80 36 32
81 61 7
81 39 4
81 39 6
81 99 9
81 75 3
81 8 2
81 0 7
81 60 36
81 19 8
81 88 10
81 49 11
81 52 13
81 35 28
82 0 37
82 59 12
82 2 36
82 17 14
82 20 33
82 32 38
82 13 26
82 56 7
82 9 21
83 26 15
83 98 26
83 10 23
83 94 39
83 26 30
83 52 17
83 89 17
83 81 30
83 98 37
83 74 22
83 96 39
83 89 22
83 96 23
83 97 35
84 27 29
84 92 30
84 51 5
84 51 19
84 59 6
84 45 23
84 94 2
84 41 12
85 40 20
85 19 25
85 77 22
85 2 1
85 29 37
85 92 35
85 66 37
85 58 10
85 76 3
85 39 12
85 67 33
86 66 25
86 4 31
86 57 13
86 31 28
86 59 27
86 50 26
86 32 17
86 31 26
86 27 12
86 44 35
86 93 27
86 2 9
86 78 6
86 40 28
86 65 11
87 1 11
87 82 3
87 49 2
87 60 24
87 72 35
87 61 22
87 19 3
88 15 33
88 51 32
88 39 25
88 98 14
88 19 14
88 35 10
88 1 19
88 74 29
88 29 9
88 66 30
88 65 7
88 91 24
88 37 27
88 67 29
88 42 21
88 73 15
88 50 31
88 77 9
89 86 39
89 78 28
89 81 13
89 44 33
89 92 8
89 25 19
89 85 21
89 37 16
90 19 16
90 44 24
90 86 3
90 62 27
90 95 13
90 12 21
90 85 13
90 2 8
90 50 17
90 70 6
90 63 1
90 17 11
90 18 2
90 81 8
90 95 14
91 97 32
91 45 13
91 65 34
91 30 38
91 67 34
91 32 32
91 50 31
91 52 13
91 72 12
91 63 35
91 77 31
91 47 1
92 7 1
92 77 12
92 52 12
92 53 29
92 86 35
92 82 13
92 75 39
92 7 14
92 12 1
92 9 24
92 35 27
93 82 31
93 28 20
93 70 30
93 44 2
93 47 28
93 11 1
93 81 20
93 33 20
93 66 26
93 15 28
93 85 2
93 43 5
94 75 34
94 15 7
94 68 6
94 59 14
94 50 13
94 30 13
94 93 30
94 66 16
95 71 33
95 71 31
95 22 2
95 56 25
95 35 21
95 5 7
95 34 7
95 51 37
95 7 19
95 24 12
96 90 13
96 56 38
96 38 34
96 34 2
96 63 33
96 35 11
96 49 34
96 84 7
96 42 18
96 82 2
96 83 15
96 0 3
96 10 6
96 57 15
96 94 17
97 17 6
97 61 18
97 39 23
97 17 17
97 7 33
97 58 39
97 12 5
97 35 11
97 3 27
97 8 6
97 7 24
97 5 30
97 18 36
97 7 26
98 80 19
98 2 19
98 34 6
98 21 25
98 89 20
98 10 6
98 13 21
98 54 18
98 86 2
98 16 35
98 33 37
99 93 39
99 42 14
99 77 7
99 75 37
99 27 9
99 47 24
